MAE: 970043.4039201644
RMSE: 1324506.9600914407
R2: 0.6529242642153174
